timestamp_of_peak,value_of_peak,label_of_peak,idx_of_peak
2456044.4895833335,8.61404,nt_pp,191
2456048.8333333335,16.16877,nt_pp,608
2456055.9166666665,8.73446,nt_pp,1288
2456056.1145833335,20.50276,nt_pp,1307
2456062.84375,9.02177,nt_pp,1953
2456063.052083333,18.36375,nt_pp,1973
2456063.2083333335,21.08313,nt_pp,1988
2456064.2083333335,108.7519,nt_pp,2084
2456064.4375,8.44037,nt_pp,2106
2456076.5625,237.5158,nt_pp,3270
2456076.625,33.92541,nt_pp,3276
2456076.8229166665,41.79478,nt_pp,3295
2456076.875,142.63099,nt_pp,3300
2456077.2916666665,9.51551,nt_pp,3340
2456081.1458333335,32.70718,nt_pp,3710
2456091.8125,6.36949,nt_pp,4734
2456104.0729166665,186.88727,nt_pp,5911
2456107.6875,6.54079,nt_pp,6258
2456111.2604166665,55.17743,nt_pp,6601
2456112.6666666665,14.93265,nt_pp,6736
2456113.15625,303.3027,nt_pp,6783
2456113.3229166665,52.02011,nt_pp,6799
2456124.0729166665,39.86921,nt_pp,7831
2456124.104166667,34.88467,nt_pp,7834
2456125.8854166665,12.41063,nt_pp,8005
2456132.5208333335,187.16962,nt_pp,8642
2456145.40625,27.20095,nt_pp,9879
2456149.1458333335,101.82271,nt_pp,10238
2456149.5416666665,172.9219,nt_pp,10276
2456150.03125,51.31241,nt_pp,10323
2456174.9166666665,65.84091,t_pp,12712
2456174.9375,231.78448,t_pp,12714
2456175.0,166.94193,t_pp,12720
2456175.03125,81.97639,t_pp,12723
2456175.0625,94.43943,t_pp,12726
2456175.5,93.36959,nt_pp,12768
2456175.5416666665,75.33529,nt_pp,12772
2456175.677083333,21.6704,nt_pp,12785
2456179.125,45.8268,nt_pp,13116
2456179.229166667,45.52362,nt_pp,13126
2456189.375,99.46925,nt_pp,14100
2456197.4375,11.17367,nt_pp,14874
2456205.2916666665,10.58632,nt_pp,15628
2456220.3333333335,31.46042,nt_pp,17072
2456220.6458333335,8.52398,t_pp,17102
2456220.6666666665,12.56937,t_pp,17104
2456220.71875,29.81026,t_pp,17109
2456231.96875,303.22967,t_pp,17822
2456232.0,28.82296,t_pp,17825
2456238.03125,303.50727,t_pp,18404
2456238.1145833335,303.45703,t_pp,18412
2456238.1354166665,98.15089,t_pp,18414
2456238.28125,303.45703,t_pp,18428
2456238.302083333,82.04547,t_pp,18430
2456238.3229166665,199.3387,t_pp,18432
2456238.354166667,303.4277,t_pp,18435
2456238.3854166665,125.19992,t_pp,18438
2456244.854166667,13.21987,nt_pp,19059
2456245.979166667,17.21745,t_pp,19167
2456246.0416666665,16.92266,t_pp,19173
2456248.1354166665,303.37468,t_pp,19374
2456255.59375,6.79855,nt_pp,20090
2456264.375,23.47234,nt_pp,20933
2456266.677083333,44.79663,nt_pp,21154
2456267.0,303.40375,t_pp,21185
2456282.8125,80.46296,t_pp,21922
2456283.229166667,25.45997,nt_pp,21962
2456290.3958333335,6.98983,t_pp,22650
2456291.7604166665,38.29651,t_pp,22781
2456294.21875,7.86899,t_pp,23017
2456307.052083333,15.05005,nt_pp,24249
2456314.59375,70.52844,t_pp,24973
2456314.625,67.81139,t_pp,24976
2456314.65625,114.36952,t_pp,24979
2456314.6875,85.25234,t_pp,24982
2456314.7083333335,57.71352,t_pp,24984
2456314.7604166665,89.4598,t_pp,24989
2456314.7916666665,90.24685,t_pp,24992
2456314.8125,62.80429,t_pp,24994
2456314.84375,66.04048,t_pp,24997
2456314.8958333335,205.39139,t_pp,25002
2456314.927083333,17.70846,t_pp,25005
2456314.9583333335,90.92366,t_pp,25008
2456314.979166667,48.36087,t_pp,25010
2456315.0104166665,78.96841,t_pp,25013
2456315.03125,69.47341,t_pp,25015
2456315.9895833335,12.13582,t_pp,25107
2456316.0416666665,23.01554,t_pp,25112
2456316.0625,13.56857,t_pp,25114
2456316.0833333335,68.37357,t_pp,25116
2456316.125,24.04612,t_pp,25120
2456316.1458333335,30.77839,t_pp,25122
2456316.177083333,19.50906,t_pp,25125
2456316.21875,47.72848,t_pp,25129
2456316.2916666665,53.84074,t_pp,25136
2456316.4479166665,24.20112,t_pp,25151
2456316.46875,44.17173,t_pp,25153
2456317.479166667,7.59038,t_pp,25250
2456319.677083333,7.21896,t_pp,25461
2456320.2708333335,9.38869,t_pp,25518
2456320.375,14.05729,t_pp,25528
2456323.3958333335,20.62201,nt_pp,25818
2456323.53125,35.58368,nt_pp,25831
2456323.7604166665,44.37135,nt_pp,25853
2456323.875,49.81297,nt_pp,25864
2456361.1354166665,10.13707,nt_pp,29441
2456363.8229166665,46.84574,nt_pp,29699
2456363.9479166665,44.14216,nt_pp,29711
2456364.052083333,32.70848,nt_pp,29721
2456364.1666666665,71.42852,nt_pp,29732
2456364.25,102.56878,nt_pp,29740
2456364.354166667,53.10635,nt_pp,29750
2456368.1979166665,23.27951,t_pp,30119
2456368.5625,17.94172,t_pp,30154
2456376.9895833335,9.04076,t_pp,30963
2456378.125,15.73174,t_pp,31072
2456380.5625,7.29244,t_pp,31306
2456383.052083333,9.5768,t_pp,31545
2456384.125,9.94118,nt_pp,31648
2456391.0729166665,12.90206,nt_pp,32315
2456391.71875,15.1267,nt_pp,32377
2456395.0729166665,18.56132,t_pp,32699
2456396.0625,6.54338,nt_pp,32794
2456398.1354166665,14.43529,nt_pp,32993
2456399.1458333335,18.01467,nt_pp,33090
2456399.375,33.5287,nt_pp,33112
2456400.125,16.54825,nt_pp,33184
2456401.34375,9.79204,t_pp,33301
2456401.5416666665,12.08872,t_pp,33320
2456406.5208333335,73.31147,t_pp,33798
2456407.4479166665,102.54335,t_pp,33887
2456409.177083333,137.74778,t_pp,34053
2456409.21875,61.34888,t_pp,34057
2456409.2708333335,14.86898,t_pp,34062
2456409.677083333,26.52297,t_pp,34101
2456411.4895833335,7.23101,t_pp,34275
2456413.03125,8.50284,t_pp,34423
2456415.28125,59.6843,t_pp,34639
2456415.3333333335,102.3634,t_pp,34644
2456415.427083333,101.32449,t_pp,34653
2456415.5104166665,98.53978,t_pp,34661
2456415.552083333,109.61853,t_pp,34665
2456415.625,118.23727,t_pp,34672
2456415.677083333,122.9869,t_pp,34677
2456415.729166667,107.47767,t_pp,34682
2456416.84375,28.68518,t_pp,34789
2456416.8645833335,26.04528,t_pp,34791
2456418.552083333,160.09416,t_pp,34953
2456419.0104166665,122.61702,t_pp,34997
2456419.1354166665,36.43408,t_pp,35009
2456419.3229166665,200.68695,t_pp,35027
2456419.3854166665,182.19424,t_pp,35033
2456419.854166667,221.37884,t_pp,35078
2456420.03125,160.29201,t_pp,35095
2456420.0625,144.1464,t_pp,35098
2456420.25,49.4518,t_pp,35116
2456420.5833333335,127.23152,t_pp,35148
2456420.7395833335,140.58866,t_pp,35163
2456420.7916666665,147.99317,t_pp,35168
2456420.927083333,192.38025,t_pp,35181
2456421.09375,303.26603,t_pp,35197
2456421.2708333335,136.9706,t_pp,35214
2456421.75,89.7332,t_pp,35260
2456421.78125,303.32165,t_pp,35263
2456421.90625,254.70212,t_pp,35275
2456421.979166667,178.2684,t_pp,35282
2456422.0208333335,269.61806,t_pp,35286
2456422.052083333,26.4252,t_pp,35289
2456422.59375,40.10514,t_pp,35341
2456423.0208333335,157.00303,t_pp,35382
2456423.0729166665,303.30153,t_pp,35387
2456423.125,303.32887,t_pp,35392
2456423.15625,303.30863,t_pp,35395
2456423.354166667,25.12594,t_pp,35414
2456423.5625,210.71887,t_pp,35434
2456423.677083333,303.31042,t_pp,35445
2456423.6979166665,245.45817,t_pp,35447
2456423.802083333,255.1225,t_pp,35457
2456424.3333333335,25.78347,t_pp,35508
2456424.604166667,299.40741,t_pp,35534
2456424.65625,20.59101,t_pp,35539
2456425.052083333,16.77646,t_pp,35577
2456425.125,112.94442,t_pp,35584
2456425.1666666665,26.04649,t_pp,35588
2456426.0625,30.67458,t_pp,35674
2456426.5208333335,93.6008,t_pp,35718
2456426.9375,97.49735,t_pp,35758
2456427.0104166665,71.38586,t_pp,35765
2456428.1979166665,5.81814,nt_pp,35879
2456433.7083333335,195.1343,nt_pp,36408
2456434.3645833335,78.32248,nt_pp,36471
2456434.5625,23.45224,nt_pp,36490
2456435.5729166665,15.03282,nt_pp,36587
2456436.427083333,12.64652,nt_pp,36669
2456438.0416666665,9.97179,t_pp,36824
2456441.90625,7.66062,nt_pp,37195
2456445.4479166665,44.2017,nt_pp,37535
2456445.9166666665,5.65577,nt_pp,37580
2456446.125,11.98269,nt_pp,37600
2456451.302083333,12.73293,nt_pp,38097
2456451.59375,29.36617,nt_pp,38125
2456454.6979166665,19.93484,nt_pp,38423
2456454.9166666665,17.83856,nt_pp,38444
2456455.0,37.0227,nt_pp,38452
2456455.875,123.31757,t_pp,38536
2456456.1145833335,17.08659,t_pp,38559
2456456.177083333,15.20422,t_pp,38565
2456456.354166667,32.12418,t_pp,38582
2456456.46875,37.15087,t_pp,38593
2456456.5416666665,20.22631,t_pp,38600
2456456.729166667,26.5563,t_pp,38618
2456457.1875,21.23128,t_pp,38662
2456457.3854166665,55.49306,t_pp,38681
2456457.4479166665,78.86477,t_pp,38687
2456457.552083333,61.61163,t_pp,38697
2456457.59375,44.52175,t_pp,38701
2456457.6354166665,31.20411,t_pp,38705
2456457.7916666665,23.99606,t_pp,38720
2456458.4375,70.82187,t_pp,38782
2456458.65625,61.77713,t_pp,38803
2456458.9895833335,58.04812,t_pp,38835
2456459.4479166665,494.48015,t_pp,38879
2456459.4895833335,1000.15081,t_pp,38883
2456459.5104166665,316.93493,t_pp,38885
2456459.5625,93.44123,t_pp,38890
2456459.6354166665,228.19743,t_pp,38897
2456459.7708333335,28.02325,t_pp,38910
2456459.875,23.24502,t_pp,38920
2456460.0625,56.58223,nt_pp,38938
2456460.1145833335,55.99488,nt_pp,38943
2456460.1666666665,19.93266,nt_pp,38948
2456460.2083333335,23.24213,nt_pp,38952
2456460.375,19.933,t_pp,38968
2456460.625,20.51961,t_pp,38992
2456460.7083333335,17.21251,t_pp,39000
2456461.34375,52.0589,t_pp,39061
2456461.3854166665,38.1104,t_pp,39065
2456461.4166666665,42.17314,t_pp,39068
2456461.854166667,35.09659,t_pp,39110
2456462.0208333335,33.29476,t_pp,39126
2456462.0729166665,421.60448,t_pp,39131
2456466.90625,12.48114,t_pp,39595
2456467.177083333,7.4108,nt_pp,39621
2456467.3125,19.47244,nt_pp,39634
2456467.3958333335,43.64613,nt_pp,39642
2456469.1458333335,208.52006,nt_pp,39810
2456471.7395833335,49.55377,nt_pp,40059
2456471.8333333335,16.58658,nt_pp,40068
2456475.46875,123.43703,nt_pp,40417
2456475.6145833335,78.16223,nt_pp,40431
2456475.677083333,90.14939,nt_pp,40437
2456475.6979166665,1584.79611,nt_pp,40439
2456475.78125,26.47179,nt_pp,40447
2456476.1145833335,11.64273,nt_pp,40479
2456476.1458333335,14.66136,nt_pp,40482
2456478.104166667,25.76645,nt_pp,40670
2456478.177083333,14.11457,nt_pp,40677
2456481.6354166665,8.4634,nt_pp,41009
2456482.0416666665,22.45564,t_pp,41048
2456482.3333333335,164.09049,nt_pp,41076
2456484.1458333335,14.82576,nt_pp,41250
2456484.625,33.88624,nt_pp,41296
2456484.78125,8.58726,nt_pp,41311
2456490.8854166665,23.08346,t_pp,41897
2456490.90625,8.33776,t_pp,41899
2456491.03125,9.67851,t_pp,41911
2456491.28125,314.78195,nt_pp,41935
2456491.40625,17.01071,nt_pp,41947
2456493.3125,6.32665,nt_pp,42130
2456494.0833333335,42.73627,nt_pp,42204
2456496.6979166665,82.20024,nt_pp,42455
2456497.6875,10.38736,nt_pp,42550
2456502.375,10.72449,nt_pp,43000
2456502.5208333335,190.85101,nt_pp,43014
2456506.28125,4.9412,nt_pp,43375
2456506.9375,5.82101,t_pp,43438
2456507.40625,38.61973,nt_pp,43483
2456507.71875,79.62664,nt_pp,43513
2456513.65625,128.5487,nt_pp,44083
2456521.375,20.18801,nt_pp,44824
2456527.177083333,6.07471,nt_pp,45381
2456537.71875,241.17289,nt_pp,46393
2456538.3854166665,12.06412,nt_pp,46457
2456541.9375,4.8183,t_pp,46798
2456543.6979166665,27.76694,nt_pp,46967
2456545.9479166665,5.3599,nt_pp,47183
2456546.0833333335,15.87306,nt_pp,47196
2456547.1979166665,5.65217,nt_pp,47303
2456548.15625,115.95985,nt_pp,47395
2456548.479166667,113.53086,nt_pp,47426
2456548.5833333335,258.29069,nt_pp,47436
2456548.677083333,33.00802,nt_pp,47445
2456548.854166667,46.37644,nt_pp,47462
2456549.552083333,36.90228,t_pp,47529
2456549.6979166665,7.07912,t_pp,47543
2456550.09375,11.98291,t_pp,47581
2456556.7708333335,1124.08638,t_pp,48222
2456557.59375,120.66907,nt_pp,48301
2456557.6458333335,698.92463,nt_pp,48306
2456560.0416666665,16.80122,t_pp,48536
2456561.7604166665,6.19953,t_pp,48701
2456565.0416666665,12.26922,t_pp,49016
2456573.104166667,62.94794,t_pp,49790
2456573.1875,95.32594,nt_pp,49798
2456573.7708333335,11.51929,t_pp,49854
2456573.802083333,21.86567,t_pp,49857
2456581.9895833335,87.03294,t_pp,50643
2456583.59375,15.28541,nt_pp,50797
2456597.479166667,19.55796,nt_pp,52130
2456597.677083333,60.14141,nt_pp,52149
2456598.302083333,259.30038,t_pp,52209
2456598.854166667,15.11812,t_pp,52262
2456598.875,35.65164,t_pp,52264
2456599.1979166665,5.9436,t_pp,52295
2456602.125,150.45686,t_pp,52576
2456604.03125,856.37681,nt_pp,52759
2456611.09375,5.70429,t_pp,53437
2456614.3333333335,7.58162,nt_pp,53748
2456614.7708333335,49.29343,nt_pp,53790
2456623.7708333335,44.43144,nt_pp,54654
2456623.9583333335,18.1514,nt_pp,54672
2456630.09375,87.73511,t_pp,55261
2456632.75,24.51052,nt_pp,55516
2456633.3958333335,39.17839,t_pp,55578
2456635.4166666665,13.37428,t_pp,55772
2456641.7395833335,5.20703,t_pp,56379
2456647.5729166665,6.4557,nt_pp,56939
2456648.1354166665,33.72815,nt_pp,56993
2456648.229166667,28.44896,nt_pp,57002
2456648.5625,36.15825,nt_pp,57034
2456648.6145833335,34.14713,nt_pp,57039
2456648.7083333335,49.02104,nt_pp,57048
2456654.375,136.93236,t_pp,57592
2456655.4583333335,5.49473,t_pp,57696
2456663.9583333335,43.49051,nt_pp,58512
2456667.375,8.34479,t_pp,58840
2456667.6666666665,6.0396,t_pp,58868
2456669.2083333335,52.2891,nt_pp,59016
2456669.2708333335,49.3981,nt_pp,59022
2456669.40625,22.70737,nt_pp,59035
2456669.4895833335,16.80122,nt_pp,59043
2456671.3958333335,44.11893,t_pp,59226
2456672.2916666665,69.6769,nt_pp,59312
2456672.375,26.85681,nt_pp,59320
2456672.59375,27.90427,t_pp,59341
2456678.1458333335,5.15943,t_pp,59874
2456679.1145833335,8.77824,t_pp,59967
2456683.65625,6.91976,t_pp,60403
2456686.5,5.41641,t_pp,60676
2456688.302083333,9.14112,t_pp,60849
2456689.28125,6.20725,t_pp,60943
2456689.4479166665,9.26686,t_pp,60959
2456689.604166667,6.96167,t_pp,60974
2456689.84375,6.37489,t_pp,60997
2456689.979166667,45.35354,t_pp,61010
2456690.0416666665,21.21193,t_pp,61016
2456690.21875,47.65873,t_pp,61033
2456690.2916666665,24.06197,t_pp,61040
2456690.375,81.063,t_pp,61048
2456690.552083333,8.47052,t_pp,61065
2456690.5833333335,109.85685,t_pp,61068
2456691.1354166665,12.53154,t_pp,61121
2456691.229166667,70.7272,t_pp,61130
2456691.2708333335,59.21571,t_pp,61134
2456691.302083333,48.94768,t_pp,61137
2456691.34375,38.93277,t_pp,61141
2456691.3854166665,15.9304,t_pp,61145
2456691.5,215.81166,t_pp,61156
2456691.53125,212.33293,t_pp,61159
2456691.5729166665,124.65196,t_pp,61163
2456691.59375,148.79357,t_pp,61165
2456691.802083333,7.12932,t_pp,61185
2456692.2708333335,10.94335,t_pp,61230
2456696.3125,5.53664,t_pp,61618
2456697.3958333335,6.20725,t_pp,61722
2456698.28125,6.62637,t_pp,61807
2456698.375,5.15943,t_pp,61816
2456699.46875,4.99178,t_pp,61921
2456699.5833333335,9.60216,t_pp,61932
2456709.875,11.85723,nt_pp,62920
2456710.1979166665,176.64331,nt_pp,62951
2456710.427083333,15.0415,t_pp,62973
2456715.2916666665,5.24325,t_pp,63440
2456721.40625,14.71549,t_pp,64027
2456721.84375,21.00237,t_pp,64069
2456727.927083333,20.58177,t_pp,64653
2456732.052083333,6.78753,nt_pp,65049
2456732.875,5.99768,t_pp,65128
2456741.6145833335,6.54254,t_pp,65967
2456743.6979166665,37.64162,t_pp,66167
2456744.552083333,7.92477,t_pp,66249
2456745.5729166665,14.87391,nt_pp,66347
2456745.6875,9.00814,t_pp,66358
2456746.0,13.95213,t_pp,66388
2456746.1458333335,11.39536,nt_pp,66402
2456746.2916666665,10.22266,t_pp,66416
2456746.6666666665,10.51622,t_pp,66452
2456746.7083333335,13.28176,t_pp,66456
2456746.8854166665,57.86155,nt_pp,66473
2456747.0208333335,35.11077,nt_pp,66486
2456747.104166667,35.82302,nt_pp,66494
2456747.6875,8.67471,t_pp,66550
2456749.1458333335,11.34641,nt_pp,66690
2456752.3645833335,15.04143,nt_pp,66999
2456755.125,8.28887,nt_pp,67264
2456755.7708333335,39.80339,nt_pp,67326
2456756.1145833335,16.67236,t_pp,67359
2456756.2083333335,46.66894,nt_pp,67368
2456756.2604166665,24.50295,nt_pp,67373
2456756.302083333,30.2018,nt_pp,67377
2456756.3229166665,19.73361,nt_pp,67379
2456758.1666666665,21.31483,nt_pp,67556
2456758.1875,40.41399,nt_pp,67558
2456758.2395833335,14.52961,nt_pp,67563
2456758.927083333,20.94113,nt_pp,67629
2456771.0833333335,2057.69713,t_pp,68796
2456771.1145833335,3039.13551,t_pp,68799
2456771.15625,8.08635,t_pp,68803
2456777.03125,284.89163,t_pp,69367
2456778.40625,27.48528,nt_pp,69499
2456778.7916666665,10.26509,nt_pp,69536
2456779.2395833335,6.69727,nt_pp,69579
2456781.53125,12.89613,t_pp,69799
2456782.28125,6.07056,nt_pp,69871
2456784.03125,17.71434,t_pp,70039
2456784.0625,36.85384,t_pp,70042
2456785.28125,8.95902,t_pp,70159
2456787.75,13.69193,nt_pp,70396
2456794.5729166665,54.78879,nt_pp,71051
2456794.59375,54.99205,nt_pp,71053
2456794.6666666665,49.46596,nt_pp,71060
2456800.4479166665,8.33077,t_pp,71615
2456801.0833333335,5.4426,nt_pp,71676
2456801.96875,146.25699,nt_pp,71761
2456805.177083333,8.83346,nt_pp,72069
2456805.4583333335,30.19442,nt_pp,72096
2456808.03125,23.36814,t_pp,72343
2456808.0625,11.93284,t_pp,72346
2456812.177083333,104.82844,t_pp,72741
2456818.7916666665,6.78544,t_pp,73376
2456818.8645833335,8.25142,t_pp,73383
2456818.927083333,19.39433,t_pp,73389
2456818.9479166665,35.73175,t_pp,73391
2456818.9895833335,14.91147,t_pp,73395
2456819.03125,19.10347,t_pp,73399
2456819.052083333,13.07125,t_pp,73401
2456819.0833333335,18.01509,t_pp,73404
2456819.104166667,26.35304,t_pp,73406
2456819.2083333335,11.01821,t_pp,73416
2456819.229166667,9.673,t_pp,73418
2456819.2604166665,29.90632,t_pp,73421
2456820.4375,23.12222,nt_pp,73534
2456820.5208333335,16.87811,nt_pp,73542
2456820.5729166665,18.67943,nt_pp,73547
2456820.6145833335,14.40562,nt_pp,73551
2456821.0416666665,7.58017,nt_pp,73592
2456821.0729166665,12.31278,nt_pp,73595
2456821.104166667,11.47617,nt_pp,73598
2456821.125,11.26586,nt_pp,73600
2456821.177083333,23.41541,nt_pp,73605
2456821.25,39.87337,nt_pp,73612
2456822.09375,62.44933,nt_pp,73693
2456826.4583333335,12.98411,nt_pp,74112
2456826.5104166665,21.07361,nt_pp,74117
2456826.7083333335,20.23149,nt_pp,74136
2456826.8333333335,10.09339,t_pp,74148
2456826.8645833335,10.38793,t_pp,74151
2456826.90625,6.45009,t_pp,74155
2456826.927083333,8.50167,t_pp,74157
2456833.1145833335,46.53578,t_pp,74751
2456834.0416666665,52.14307,nt_pp,74840
2456842.302083333,445.3371,nt_pp,75633
2456848.1145833335,177.18795,t_pp,76191
2456852.4375,93.84769,nt_pp,76606
2456853.2916666665,24.75961,nt_pp,76688
2456854.6979166665,27.06461,nt_pp,76823
2456860.96875,212.43219,t_pp,77425
2456861.0208333335,205.67398,t_pp,77430
2456861.0729166665,15.41857,t_pp,77435
2456862.1145833335,234.15896,nt_pp,77535
2456862.1354166665,146.81165,nt_pp,77537
2456865.9166666665,13.36418,nt_pp,77900
2456866.2604166665,119.85541,nt_pp,77933
2456866.34375,39.67325,nt_pp,77941
2456866.9895833335,160.65911,nt_pp,78003
2456868.0416666665,151.28041,t_pp,78104
2456868.104166667,65.35733,t_pp,78110
2456875.09375,88.64852,t_pp,78781
2456883.125,58.61112,nt_pp,79552
2456883.3645833335,9.29954,nt_pp,79575
2456885.427083333,64.93499,t_pp,79773
2456885.5208333335,20.73607,t_pp,79782
2456887.604166667,9.3398,nt_pp,79982
2456892.1875,6.4893,nt_pp,80422
2456903.4375,28.57442,nt_pp,81502
2456911.9895833335,10.04896,nt_pp,82323
2456917.177083333,17.88236,t_pp,82821
2456920.09375,16.17274,t_pp,83101
2456922.4895833335,12.05899,t_pp,83331
2456922.75,31.28613,t_pp,83356
2456935.302083333,21.73636,nt_pp,84561
2456938.7604166665,22.74013,nt_pp,84893
2456945.0729166665,52.97922,t_pp,85499
2456945.104166667,114.5908,t_pp,85502
2456947.1666666665,10.25882,nt_pp,85700
2456952.0625,213.89073,t_pp,86170
2456954.0416666665,11.60571,nt_pp,86360
2456958.0625,69.88634,t_pp,86746
2456985.8229166665,32.97398,nt_pp,89411
2456985.8645833335,43.36476,nt_pp,89415
2456985.927083333,58.74121,nt_pp,89421
2456986.3333333335,6.3622,t_pp,89460
2457002.15625,6.70432,nt_pp,90979
2457009.0104166665,9.34591,nt_pp,91637
2457009.6145833335,17.97439,t_pp,91695
2457009.6458333335,38.67272,t_pp,91698
2457009.6875,9.47042,t_pp,91702
2457009.7395833335,7.75238,t_pp,91707
2457016.2604166665,13.86835,nt_pp,92333
2457037.71875,8.51329,t_pp,94393
2457037.7604166665,16.14511,t_pp,94397
2457037.7916666665,14.7613,t_pp,94400
2457037.84375,22.60009,t_pp,94405
2457037.8854166665,11.49125,t_pp,94409
2457037.9479166665,20.97007,t_pp,94415
2457038.0625,8.17713,t_pp,94426
2457038.1354166665,12.66178,t_pp,94433
2457038.15625,11.94926,t_pp,94435
2457038.1875,16.35007,t_pp,94438
2457038.229166667,10.27276,t_pp,94442
2457038.28125,27.37307,t_pp,94447
2457038.3125,23.09799,t_pp,94450
2457038.354166667,14.88313,t_pp,94454
2457038.40625,12.82943,t_pp,94459
2457041.4479166665,25.78038,nt_pp,94751
2457075.5416666665,29.30104,t_pp,98024
2457107.6979166665,48.51823,t_pp,101111
2457107.927083333,20.4882,t_pp,101133
2457108.2395833335,10.34775,nt_pp,101163
2457116.1354166665,12.85424,nt_pp,101921
2457122.3125,17.01072,t_pp,102514
2457125.1458333335,28.5189,nt_pp,102786
2457126.0729166665,37.56587,nt_pp,102875
2457126.1145833335,39.53442,nt_pp,102879
2457127.125,36.93761,nt_pp,102976
2457127.15625,62.27753,nt_pp,102979
2457127.177083333,77.39764,nt_pp,102981
2457127.25,20.56092,nt_pp,102988
2457127.2708333335,18.67613,nt_pp,102990
2457128.1458333335,19.76583,nt_pp,103074
2457128.7395833335,17.63918,t_pp,103131
2457129.1145833335,28.64455,nt_pp,103167
2457129.2083333335,26.25716,nt_pp,103176
2457133.802083333,21.07447,nt_pp,103617
2457133.90625,15.96326,nt_pp,103627
2457134.0833333335,9.80049,nt_pp,103644
2457134.302083333,455.1837,t_pp,103665
2457134.9479166665,17.76489,nt_pp,103727
2457135.1666666665,90.01596,nt_pp,103748
2457135.354166667,61.20789,nt_pp,103766
2457135.40625,67.8645,nt_pp,103771
2457135.4895833335,37.32282,nt_pp,103779
2457141.0416666665,53.73423,nt_pp,104312
2457148.09375,11.80842,t_pp,104989
2457154.1875,17.42556,nt_pp,105574
2457155.104166667,15.33089,nt_pp,105662
2457159.34375,11.05362,nt_pp,106069
2457161.6145833335,8.45829,nt_pp,106287
2457163.03125,37.03811,t_pp,106423
2457163.1354166665,33.09966,t_pp,106433
2457169.927083333,67.82896,t_pp,107085
2457169.9479166665,28.40273,t_pp,107087
2457169.96875,699.74595,t_pp,107089
2457170.0104166665,439.55429,t_pp,107093
2457170.052083333,23.50495,t_pp,107097
2457173.427083333,349.55755,nt_pp,107421
2457174.7395833335,11.56393,nt_pp,107547
2457175.1979166665,6.82939,t_pp,107591
2457176.1979166665,92.5429,t_pp,107687
2457179.3645833335,54.23673,nt_pp,107991
2457183.3125,5.60866,nt_pp,108201
2457186.302083333,9.58769,nt_pp,108488
2457186.479166667,30.11052,nt_pp,108505
2457217.8854166665,17.05046,t_pp,109869
2457218.0104166665,5.36234,t_pp,109881
2457218.15625,6.11578,nt_pp,109895
2457218.6354166665,82.95297,nt_pp,109941
2457218.979166667,147.84742,t_pp,109974
2457222.2395833335,51.81695,nt_pp,110287
2457222.3125,39.83647,nt_pp,110294
2457222.8645833335,48.37685,nt_pp,110347
2457223.229166667,441.02544,nt_pp,110382
2457223.3229166665,381.16917,nt_pp,110391
2457223.4479166665,47.04986,nt_pp,110403
2457223.625,12.06349,t_pp,110420
2457224.1145833335,12.31785,t_pp,110467
2457225.125,15.03679,nt_pp,110564
2457228.0,7.7077,nt_pp,110840
2457228.0416666665,23.37107,nt_pp,110844
2457231.5625,12.52483,nt_pp,111182
2457232.1666666665,7.12243,t_pp,111240
2457232.8958333335,5.82319,t_pp,111310
2457233.0104166665,207.48009,t_pp,111321
2457259.979166667,6.714,nt_pp,112663
2457279.3958333335,9.2391,nt_pp,114527
2457285.5208333335,11.98503,nt_pp,115115
2457293.03125,7.24526,t_pp,115836
2457310.0416666665,18.39689,nt_pp,117469
2457317.052083333,261.4661,t_pp,118110
2457324.177083333,6.3873,nt_pp,118794
2457324.34375,9.89065,nt_pp,118810
2457324.5208333335,25.88396,nt_pp,118827
2457324.5416666665,55.07397,nt_pp,118829
2457329.1458333335,362.5612,t_pp,119271
2457330.7708333335,27.86804,t_pp,119427
2457330.9583333335,11.85375,t_pp,119445
2457339.4375,11.22961,nt_pp,120259
2457345.1354166665,17.5439,t_pp,120806
2457346.53125,32.60176,nt_pp,120940
2457358.8125,19.43293,nt_pp,122119
2457359.375,21.72604,nt_pp,122173
2457361.104166667,104.3969,t_pp,122339
2457364.28125,14.53313,t_pp,122644
2457365.0625,14.53813,t_pp,122719
2457365.09375,6.57054,t_pp,122722
2457371.6979166665,13.59039,nt_pp,123356
2457371.7604166665,16.68064,nt_pp,123362
2457371.9895833335,6.82936,t_pp,123384
2457374.4479166665,9.65512,nt_pp,123620
2457379.0208333335,93.11534,nt_pp,124059
2457379.052083333,79.30112,nt_pp,124062
2457379.1875,13.77127,nt_pp,124075
2457380.625,12.87218,nt_pp,124213
2457398.1145833335,62.4262,nt_pp,125892
2457398.1666666665,108.9034,nt_pp,125897
2457398.302083333,133.3617,nt_pp,125910
2457422.03125,20.1101,nt_pp,128188
2457434.7916666665,6.39246,t_pp,129413
2457435.1458333335,15.66892,nt_pp,129447
2457435.25,29.94774,nt_pp,129457
2457443.229166667,30.56193,nt_pp,130223
2457443.4166666665,35.18636,nt_pp,130241
2457443.5,35.96542,nt_pp,130249
2457443.552083333,54.02343,nt_pp,130254
2457444.0625,37.49024,nt_pp,130303
2457444.1145833335,39.48157,nt_pp,130308
2457457.052083333,13.53808,nt_pp,131550
2457458.21875,130.6161,nt_pp,131662
2457460.03125,47.60899,nt_pp,131836
2457464.0,8.81998,nt_pp,132217
2457464.5,16.04499,nt_pp,132265
2457470.0625,20.31191,t_pp,132799
2457475.0416666665,7.36084,nt_pp,133277
2457476.03125,9.09078,nt_pp,133372
2457476.3229166665,7.13958,nt_pp,133400
2457480.0208333335,142.6394,nt_pp,133755
2457486.1145833335,9.13628,nt_pp,134340
2457486.3125,100.6895,nt_pp,134359
2457490.8229166665,9.84594,nt_pp,134792
2457492.03125,24.13397,t_pp,134908
2457497.5833333335,9.4124,nt_pp,135441
2457511.1458333335,17.18776,nt_pp,136743
2457512.0625,39.90949,t_pp,136831
2457516.90625,18.16449,nt_pp,137296
2457516.9583333335,13.09239,nt_pp,137301
2457519.104166667,26.61757,t_pp,137507
2457522.15625,8.15339,nt_pp,137800
2457523.479166667,10.90952,nt_pp,137927
2457526.0729166665,21.99265,t_pp,138176
2457533.229166667,21.62645,t_pp,138863
2457533.9583333335,10.15102,t_pp,138933
2457533.979166667,10.77666,t_pp,138935
2457539.1666666665,18.34542,nt_pp,139433
2457542.6354166665,5.41433,t_pp,139766
2457545.0208333335,42.43583,nt_pp,139995
2457545.15625,64.90145,nt_pp,140008
2457545.2708333335,364.0663,nt_pp,140019
2457552.7395833335,10.33672,nt_pp,140736
2457553.302083333,14.30387,nt_pp,140790
2457554.15625,87.993,t_pp,140872
2457560.5,6.03325,nt_pp,141481
2457561.96875,42.06901,nt_pp,141622
2457566.8854166665,12.56823,t_pp,142094
2457568.2916666665,166.7468,nt_pp,142229
2457568.3125,160.9951,nt_pp,142231
2457568.3333333335,199.6106,nt_pp,142233
2457568.3645833335,476.1469,nt_pp,142236
2457569.09375,106.9163,t_pp,142306
2457571.2916666665,29.08368,nt_pp,142517
2457577.104166667,10.5592,nt_pp,143075
2457577.1354166665,43.69006,nt_pp,143078
2457579.0625,28.48615,nt_pp,143263
2457582.1354166665,12.07234,t_pp,143558
2457584.1354166665,24.81264,nt_pp,143750
2457584.1666666665,144.489,nt_pp,143753
2457588.0833333335,64.00237,nt_pp,144129
2457588.3229166665,14.2612,nt_pp,144152
2457592.3645833335,31.791,nt_pp,144540
2457592.4166666665,180.7807,nt_pp,144545
2457593.0208333335,16.95207,nt_pp,144603
2457593.09375,138.9777,nt_pp,144610
2457593.125,169.5531,nt_pp,144613
2457602.0,65.89818,nt_pp,145465
2457602.104166667,35.17705,nt_pp,145475
2457608.1666666665,6.78549,t_pp,146057
2457609.1145833335,61.94426,t_pp,146148
2457609.1666666665,43.82236,t_pp,146153
2457613.1979166665,15.39533,nt_pp,146540
2457614.2916666665,15.96321,nt_pp,146645
2457615.0833333335,6.82909,t_pp,146721
2457617.177083333,8.91289,nt_pp,146922
2457617.4895833335,599.1696,nt_pp,146952
2457617.5729166665,52.54902,nt_pp,146960
2457622.3645833335,8.51782,nt_pp,147420
2457622.46875,55.59709,nt_pp,147430
2457622.53125,48.18818,nt_pp,147436
2457623.1145833335,57.86349,t_pp,147492
2457627.09375,8.74038,t_pp,147874
2457629.2604166665,8.42481,nt_pp,148082
2457631.625,10.60235,nt_pp,148309
2457631.677083333,45.36666,nt_pp,148314
2457631.6979166665,32.19091,nt_pp,148316
2457632.46875,28.31652,nt_pp,148390
2457639.03125,175.996,t_pp,149020
2457640.2708333335,6.12146,nt_pp,149139
2457642.7604166665,81.6766,nt_pp,149378
2457642.7916666665,93.65784,nt_pp,149381
2457645.96875,18.38734,nt_pp,149686
2457649.5,5.67829,nt_pp,150025
2457650.9166666665,9.49034,t_pp,150161
2457654.6145833335,12.2068,nt_pp,150516
2457654.927083333,15.87388,nt_pp,150546
2457665.0729166665,13.05233,nt_pp,151520
2457678.8854166665,6.72229,t_pp,152846
2457680.052083333,284.3503,t_pp,152958
2457680.0729166665,38.67537,t_pp,152960
2457683.2083333335,25.0844,nt_pp,153261
2457683.25,114.8021,nt_pp,153265
2457684.21875,6.34291,nt_pp,153358
2457690.90625,9.36029,nt_pp,154000
2457696.0,16.90484,nt_pp,154489
2457710.9895833335,52.27824,t_pp,155928
2457711.0104166665,6.29922,t_pp,155930
2457722.125,10.56499,nt_pp,156997
2457722.25,21.05895,nt_pp,157009
2457723.3229166665,38.13668,nt_pp,157112
2457723.6666666665,61.70729,nt_pp,157145
2457723.7395833335,19.10881,nt_pp,157152
2457740.802083333,22.32353,nt_pp,158790
2457741.0208333335,16.65117,nt_pp,158811
2457766.4583333335,25.66842,nt_pp,161253
2457777.3333333335,44.68922,t_pp,162297
2457779.53125,10.9245,t_pp,162508
2457804.1458333335,8.77849,nt_pp,164871
2457804.40625,8.26991,t_pp,164896
2457807.1666666665,7.22773,nt_pp,165161
2457808.125,14.70159,nt_pp,165253
2457809.177083333,12.69595,nt_pp,165354
2457810.1354166665,28.34343,nt_pp,165446
2457810.40625,138.6194,nt_pp,165472
2457810.4375,97.08253,nt_pp,165475
2457812.3125,22.3135,t_pp,165655
2457814.3229166665,23.76144,nt_pp,165848
2457814.5625,23.22314,nt_pp,165871
2457820.729166667,8.73569,nt_pp,166463
2457842.125,172.5735,t_pp,168517
2457849.125,24.86277,t_pp,169189
2457850.177083333,27.40232,nt_pp,169290
2457850.40625,13.41336,nt_pp,169312
2457854.0729166665,33.70019,nt_pp,169664
2457855.0416666665,123.7473,nt_pp,169757
2457855.0729166665,130.8152,nt_pp,169760
2457855.15625,48.5301,nt_pp,169768
2457855.2395833335,666.2674,t_pp,169776
2457855.2604166665,91.1991,t_pp,169778
2457855.302083333,48.23838,t_pp,169782
2457855.3229166665,3616.767,t_pp,169784
2457855.3854166665,482.2135,t_pp,169790
2457855.4375,44.51501,t_pp,169795
2457855.4583333335,2104.754,t_pp,169797
2457855.4895833335,416.1544,t_pp,169800
2457855.5208333335,31.33619,t_pp,169803
2457855.552083333,507.5167,t_pp,169806
2457855.5833333335,3920.664,t_pp,169809
2457855.604166667,4718.505,t_pp,169811
2457855.7395833335,103.2901,t_pp,169824
2457855.7708333335,465.481,t_pp,169827
2457856.552083333,16.00875,t_pp,169902
2457856.5729166665,24.21701,t_pp,169904
2457858.177083333,8.81874,nt_pp,170058
2457859.1145833335,17.84775,nt_pp,170148
2457859.3958333335,68.66377,nt_pp,170175
2457859.59375,22.06131,nt_pp,170194
2457859.979166667,54.80268,nt_pp,170231
2457860.09375,213.4094,nt_pp,170242
2457860.1979166665,38.67226,nt_pp,170252
2457860.2708333335,99.41243,nt_pp,170259
2457860.34375,51.65245,nt_pp,170266
2457860.979166667,20.5052,nt_pp,170327
2457861.1354166665,13.50132,t_pp,170342
2457861.5833333335,23.21353,t_pp,170385
2457862.1354166665,123.135,t_pp,170438
2457862.15625,107.4761,t_pp,170440
2457862.1979166665,23.34443,t_pp,170444
2457863.229166667,10.20466,nt_pp,170543
2457867.7916666665,19.4274,t_pp,170981
2457868.0416666665,54.45354,nt_pp,171005
2457868.0625,194.1801,nt_pp,171007
2457874.6979166665,6.03314,nt_pp,171644
2457875.4479166665,19.55914,nt_pp,171716
2457881.34375,13.98842,nt_pp,172282
2457896.1354166665,10.29132,nt_pp,173702
2457899.875,15.78503,nt_pp,174061
2457904.3333333335,5.54643,nt_pp,174489
2457904.9479166665,30.83073,t_pp,174548
2457905.1458333335,30.32096,nt_pp,174567
2457909.1979166665,12.47312,nt_pp,174956
2457910.34375,9.04625,nt_pp,175066
2457918.0729166665,78.73473,t_pp,175808
2457920.71875,39.88311,nt_pp,176062
2457920.9583333335,27.26554,nt_pp,176085
2457923.5,5.41387,t_pp,176329
2457924.15625,69.92925,nt_pp,176392
2457924.2083333335,336.3373,nt_pp,176397
2457924.78125,46.87342,nt_pp,176452
2457925.0,23.54947,nt_pp,176473
2457927.65625,23.26388,nt_pp,176728
2457928.65625,39.93374,nt_pp,176824
2457928.854166667,63.18653,nt_pp,176843
2457930.229166667,44.81754,nt_pp,176975
2457930.7916666665,9.97979,t_pp,177029
2457932.3125,11.85033,nt_pp,177175
2457933.0729166665,1352.643,t_pp,177248
2457933.104166667,30.95951,t_pp,177251
2457933.375,7.53689,nt_pp,177277
2457934.40625,106.4388,nt_pp,177376
2457936.125,23.72053,nt_pp,177541
2457942.177083333,6.69778,nt_pp,178122
2457942.8645833335,48.78027,nt_pp,178188
2457946.3958333335,11.98446,nt_pp,178527
2457947.0625,83.96825,t_pp,178591
2457947.15625,6.60792,t_pp,178600
2457947.6875,33.1101,nt_pp,178651
2457949.125,9.17964,nt_pp,178789
2457952.125,73.4445,t_pp,179077
2457958.9895833335,11.76141,nt_pp,179736
2457959.1458333335,9.13526,nt_pp,179751
2457959.5416666665,26.80449,nt_pp,179789
2457960.927083333,37.32203,t_pp,179922
2457960.9583333335,16.4592,t_pp,179925
2457961.0104166665,32.62217,t_pp,179930
2457963.8333333335,19.55993,t_pp,180201
2457968.125,7530.751,t_pp,180590
2457969.0416666665,342.9507,nt_pp,180678
2457969.0625,212.6684,nt_pp,180680
2457969.8958333335,9371.975,t_pp,180760
2457970.96875,16.01267,nt_pp,180863
2457971.0729166665,637.3318,nt_pp,180873
2457971.15625,40.58386,nt_pp,180881
2457971.2916666665,107.2228,nt_pp,180894
2457971.5208333335,10.02411,t_pp,180916
2457975.0416666665,1984.355,t_pp,181254
2457975.0625,284.0958,t_pp,181256
2457975.09375,484.0929,t_pp,181259
2457975.125,49.40508,t_pp,181262
2457975.177083333,12.11903,t_pp,181267
2457977.6145833335,35.59136,nt_pp,181501
2457977.6354166665,36.9502,nt_pp,181503
2457978.3125,6.82959,nt_pp,181568
2457978.802083333,16.18723,nt_pp,181615
2457981.3229166665,547.8909,nt_pp,181857
2457982.1354166665,9.02882,t_pp,181935
2457983.84375,33.7076,nt_pp,182099
2457983.90625,54.08522,nt_pp,182105
2457987.8958333335,4573.781,t_pp,182488
2457988.2604166665,32.98209,nt_pp,182523
2457988.3125,25.5344,nt_pp,182528
2458000.2083333335,43.22448,nt_pp,183670
2458000.3229166665,38.45152,nt_pp,183681
2458000.479166667,56.44458,nt_pp,183696
2458001.0416666665,97.63966,t_pp,183750
2458001.0625,16.68396,t_pp,183752
2458001.979166667,128.0494,nt_pp,183840
2458002.21875,129.3888,nt_pp,183863
2458002.25,179.0043,nt_pp,183866
2458004.96875,8.29157,nt_pp,184127
2458024.0104166665,118.5775,t_pp,185955
2458031.4479166665,11.58245,nt_pp,186669
2458034.0833333335,11.271,t_pp,186922
2458036.9583333335,17.91961,t_pp,187198
2458051.2916666665,964.8466,nt_pp,188031
2458051.3125,312.4093,nt_pp,188033
2458051.34375,338.1848,nt_pp,188036
2458051.3958333335,70.7646,nt_pp,188041
2458051.4375,93.51668,nt_pp,188045
2458051.5,26.57973,nt_pp,188051
2458051.5625,23.64086,nt_pp,188057
2458053.2916666665,122.8198,nt_pp,188223
2458053.3333333335,407.7625,nt_pp,188227
2458053.4375,2375.708,t_pp,188237
2458056.552083333,15.96265,nt_pp,188536
2458056.6354166665,496.1483,nt_pp,188544
2458056.65625,86.06323,nt_pp,188546
2458056.7916666665,10420.16,t_pp,188559
2458057.302083333,12.83092,t_pp,188608
2458057.677083333,14.48453,t_pp,188644
2458058.0208333335,582.8131,t_pp,188677
2458058.0625,113.0844,t_pp,188681
2458059.1458333335,77.90674,t_pp,188785
2458062.09375,8.55818,t_pp,189068
2458063.4895833335,8.78031,nt_pp,189202
2458076.7395833335,14.09153,nt_pp,190474
2458076.9479166665,9.80378,nt_pp,190494
2458078.0,8.5653,t_pp,190595
2458082.7083333335,9.54253,t_pp,191047
2458084.9479166665,345.3415,t_pp,191262
2458092.6666666665,69.98711,t_pp,192003
2458093.1666666665,94.16792,t_pp,192051
2458093.4375,28.40051,nt_pp,192077
2458093.604166667,32.79461,nt_pp,192093
2458100.40625,7.94328,t_pp,192746
2458102.9583333335,12.56717,t_pp,192991
2458111.229166667,39.07072,nt_pp,193785
2458129.6458333335,13.55493,t_pp,195553
2458130.71875,42.29643,nt_pp,195656
2458130.8958333335,152.0161,nt_pp,195673
2458130.9583333335,82.2784,nt_pp,195679
2458177.1666666665,46.71579,t_pp,200115
2458182.1145833335,225.598,t_pp,200590
2458185.7395833335,12.44043,t_pp,200938
2458195.0833333335,14.76462,t_pp,201835
2458199.46875,23.32567,t_pp,202256
2458199.4895833335,49.94474,t_pp,202258
2458200.03125,14.9406,t_pp,202310
2458200.0625,13.17778,t_pp,202313
2458200.2083333335,12.86419,t_pp,202327
2458200.2604166665,14.34493,t_pp,202332
2458200.302083333,16.57819,t_pp,202336
2458200.479166667,11.59415,t_pp,202353
2458200.552083333,9.38498,t_pp,202360
2458200.604166667,10.47783,t_pp,202365
2458200.7083333335,8.3781,t_pp,202375
2458200.9166666665,10.37622,t_pp,202395
2458200.96875,19.25678,t_pp,202400
2458201.0416666665,27.30228,t_pp,202407
2458201.0833333335,13.0072,t_pp,202411
2458201.479166667,7.92967,t_pp,202449
2458201.6666666665,10.77267,t_pp,202467
2458206.90625,105.8285,t_pp,202970
2458206.927083333,53.34066,t_pp,202972
2458207.0833333335,45.21389,t_pp,202987
2458207.4583333335,14.74222,nt_pp,203023
2458207.8333333335,9.05439,nt_pp,203059
2458209.177083333,-0.6128,t_pp,203188
2458213.0,8.11604,nt_pp,203555
2458213.8333333335,-0.32167,t_pp,203635
2458220.0,0.61688,t_pp,204227
2458221.3333333335,30.52941,nt_pp,204355
2458222.375,61.31827,nt_pp,204455
2458222.4166666665,52.88107,nt_pp,204459
2458223.2708333335,3.67007,t_pp,204541
2458225.3229166665,67.01889,nt_pp,204738
2458227.3854166665,124.5404,t_pp,204936
2458227.9583333335,11.26233,t_pp,204991
2458228.0,64.60036,t_pp,204995
2458232.104166667,10.16059,nt_pp,205389
2458233.09375,61.04462,nt_pp,205484
2458234.1458333335,61.43756,nt_pp,205585
2458234.46875,48.23125,t_pp,205616
2458234.5208333335,21.10389,t_pp,205621
2458234.552083333,30.24223,t_pp,205624
2458234.71875,22.72636,t_pp,205640
2458234.9166666665,25.16355,nt_pp,205659
2458235.03125,37.80795,nt_pp,205670
2458235.0625,33.38824,nt_pp,205673
2458237.1458333335,9.53262,nt_pp,205873
2458237.3854166665,17.76918,nt_pp,205896
2458237.5208333335,11.90729,nt_pp,205909
2458237.5729166665,13.71768,nt_pp,205914
2458238.0625,64.7975,nt_pp,205961
2458238.46875,3.65349,t_pp,206000
2458238.84375,4.88734,t_pp,206036
2458239.03125,5.80642,nt_pp,206054
2458239.15625,5.74148,nt_pp,206066
2458240.2083333335,13.45393,t_pp,206167
2458241.0625,2.23631,nt_pp,206249
2458243.3229166665,579.7343,nt_pp,206466
2458243.354166667,535.9315,nt_pp,206469
2458243.4166666665,101.9478,nt_pp,206475
2458243.4583333335,66.77184,t_pp,206479
2458243.5,130.6277,t_pp,206483
2458243.5416666665,6338.961,t_pp,206487
2458244.1666666665,13.27369,t_pp,206547
2458247.1458333335,9.09886,t_pp,206833
2458253.875,0.70335,nt_pp,207479
2458258.6666666665,-0.5678,nt_pp,207939
2458261.1666666665,30.36437,nt_pp,208179
2458283.927083333,-1.04703,nt_pp,210364
2458288.052083333,27.09536,nt_pp,210760
2458288.104166667,39.33315,nt_pp,210765
2458288.3854166665,1.97565,nt_pp,210792
2458297.6875,26.71534,nt_pp,211685
2458297.9479166665,34.32175,nt_pp,211710
2458300.53125,169.2103,nt_pp,211958
2458300.552083333,130.6896,nt_pp,211960
2458300.59375,32.89697,nt_pp,211964
2458300.6666666665,93.40703,nt_pp,211971
2458300.6875,87.13657,nt_pp,211973
2458305.6354166665,60.48743,nt_pp,212448
2458322.65625,1.14297,nt_pp,214082
2458323.1145833335,4.00295,nt_pp,214126
2458325.1145833335,9.22546,nt_pp,214318
2458326.0208333335,252.2124,nt_pp,214405
2458326.0833333335,64.00017,nt_pp,214411
2458327.5416666665,58.6543,nt_pp,214551
2458328.21875,185.088,nt_pp,214616
2458334.53125,5.07109,nt_pp,215222
2458346.3229166665,117.9888,nt_pp,216354
2458348.3645833335,-0.7006,nt_pp,216550
2458348.729166667,3.56137,nt_pp,216585
2458358.7395833335,70.62994,nt_pp,217546
2458360.21875,50.71824,nt_pp,217688
2458365.2708333335,185.7046,nt_pp,218173
2458365.2916666665,153.9137,nt_pp,218175
2458367.84375,111.4462,nt_pp,218420
2458372.677083333,20.19464,nt_pp,218884
2458382.875,34.62701,nt_pp,219863
2458382.9583333335,12.34346,nt_pp,219871
2458387.09375,12.18095,nt_pp,220268
2458387.9166666665,5.90961,t_pp,220347
2458388.229166667,113.6202,nt_pp,220377
2458394.302083333,1.18542,nt_pp,220960
2458425.4375,4.69363,t_pp,223949
2458425.6458333335,19.38247,nt_pp,223969
2458426.0625,5.10945,nt_pp,224009
2458455.1145833335,4.80225,nt_pp,226798
2458456.427083333,19.12382,t_pp,226924
2458468.40625,9.18784,t_pp,228074
2458471.7916666665,137.6497,t_pp,228399
2458471.8125,82.5728,t_pp,228401
2458473.8333333335,7.81401,nt_pp,228595
2458473.8958333335,22.42898,nt_pp,228601
2458474.104166667,78.45296,nt_pp,228621
2458474.3333333335,10.73018,t_pp,228643
2458474.5416666665,24.21935,nt_pp,228663
2458474.7916666665,46.7758,nt_pp,228687
2458481.302083333,0.31132,nt_pp,229312
